<?xml version="1.0" encoding="utf-8"?>
<SimscapeMultibodyImportXML xmlns="urn:mathworks:SimscapeMultibody:import" xmlns:xsi="http://www.w3.org/2001/XMLSchema-instance" version="2.0">
   <Created by="Ross Christopher" from="Onshape" on="02/05/18||16:17:16" using="Simscape Multibody Exporter"/>
   <ModelUnits length="inch" mass="pound"/>
   <DataUnits length="meter" mass="kilogram"/>
   <RootAssembly name="Assembly - Hex - 2015" uid="36c0343a86f6ff3729ac1db3" version="w-793e8a3d1b1cff75a959cfa6">
      <InstanceTree>
         <Instance entityUid="b10564f8fbe9c9d8883c9995" name="Assembly-Leg &lt;2&gt;" uid="MU5UDyoe7HD7vnKRU">
            <Transform>
               <Rotation>0.866025404 -0.500000000 0.000000000 0.000000000 0.000000000 -1.000000000 0.500000000 0.866025404 0.000000000 </Rotation>
               <Translation>0.052561979 0.090277737 0.337378257 </Translation>
            </Transform>
            <Instance entityUid="JFD*:*17b686565623fd132ba09b26" name="RX-28Dual &lt;2&gt;" uid="MBnMWtwDXOkMp4YgK">
               <Transform>
                  <Rotation>1.000000000 0.000000000 0.000000000 0.000000000 1.000000000 0.000000000 0.000000000 0.000000000 1.000000000 </Rotation>
                  <Translation>0.000000000 0.000000000 0.000000000 </Translation>
               </Transform>
            </Instance>
            <Instance entityUid="JFD*:*fbe8882c0fab7dc5fba52753" name="hex nut style 1_am &lt;3&gt;" uid="MO8cTkLr3dqR2iZum">
               <Transform>
                  <Rotation>0.001497507 0.010358576 -0.999945227 0.143071654 0.989656991 0.010466261 0.989711200 -0.143079491 0.000000000 </Rotation>
                  <Translation>0.009229963 0.094279327 0.016793102 </Translation>
               </Transform>
            </Instance>
            <Instance entityUid="JFD*:*d3ddac0795031eaf9fc92ff9" name="Std Part - Bracket &lt;1&gt;" uid="MrmEENXcMSrLv54wL">
               <Transform>
                  <Rotation>0.000000000 0.010466261 0.999945227 -0.000000000 0.999945227 -0.010466261 -1.000000000 -0.000000000 0.000000000 </Rotation>
                  <Translation>0.000000000 0.000000000 0.000000000 </Translation>
               </Transform>
            </Instance>
            <Instance entityUid="JFD*:*3efdd9e36e1297932893420d" name="socket head cap screw_am &lt;11&gt;" uid="MVm2NbtdZm6RzyNoe">
               <Transform>
                  <Rotation>0.000000000 0.000000000 -1.000000000 0.000000000 1.000000000 0.000000000 1.000000000 -0.000000000 0.000000000 </Rotation>
                  <Translation>-0.007999562 0.000083730 -0.024000000 </Translation>
               </Transform>
            </Instance>
            <Instance entityUid="JFD*:*3efdd9e36e1297932893420d" name="socket head cap screw_am &lt;10&gt;" uid="MH3vWpnT3mxogh+gR">
               <Transform>
                  <Rotation>0.000000000 0.000000000 -1.000000000 0.000000000 1.000000000 0.000000000 1.000000000 -0.000000000 0.000000000 </Rotation>
                  <Translation>0.000083730 0.007999562 -0.024000000 </Translation>
               </Transform>
            </Instance>
            <Instance entityUid="JFD*:*c45a86a5d8cc1e6a161f96e2" name="Leg - Tibia - machined &lt;1&gt;" uid="M6hGAZ6nygyUwV/Js">
               <Transform>
                  <Rotation>-0.010323056 -0.001725435 0.999945227 -0.986263470 -0.164847884 -0.010466261 0.164856914 -0.986317494 -0.000000000 </Rotation>
                  <Translation>-0.016861527 0.084977489 -0.067785741 </Translation>
               </Transform>
            </Instance>
            <Instance entityUid="JFD*:*b80b430a0d60328b513625e8" name="socket head cap screw_am &lt;55&gt;" uid="M2FCCgqe3D8nz9+eF">
               <Transform>
                  <Rotation>-0.999945227 -0.010466261 0.000000000 0.010466261 -0.999945227 -0.000000000 0.000000000 -0.000000000 1.000000000 </Rotation>
                  <Translation>0.030147128 0.061672108 0.014501315 </Translation>
               </Transform>
            </Instance>
            <Instance entityUid="JFD*:*9290bc5f8b8edda3e2d21447" name="Leg - Femur-large &lt;2&gt;" uid="MlWVxGAUKxVvrjAKj">
               <Transform>
                  <Rotation>0.000652964 -0.010445873 -0.999945227 0.062384110 -0.997997335 0.010466261 -0.998052001 -0.062387527 0.000000000 </Rotation>
                  <Translation>-0.023193191 0.029435469 -0.014120652 </Translation>
               </Transform>
            </Instance>
            <Instance entityUid="JFD*:*b127e0957e458e0f24ad3044" name="socket head cap screw_am &lt;13&gt;" uid="MYNED5xXyFC8gLUui">
               <Transform>
                  <Rotation>0.999945227 0.010466261 0.000000000 -0.010466261 0.999945227 -0.000000000 -0.000000000 0.000000000 1.000000000 </Rotation>
                  <Translation>-0.028343824 0.062842724 -0.037446984 </Translation>
               </Transform>
            </Instance>
            <Instance entityUid="JFD*:*06edb7cb4b0598396ea4b1da" name="hex nut style 1_am &lt;9&gt;" uid="MDAvvrZWSQTjUha8h">
               <Transform>
                  <Rotation>-0.000000000 0.010466261 0.999945227 0.000000000 0.999945227 -0.010466261 -1.000000000 -0.000000000 -0.000000000 </Rotation>
                  <Translation>-0.012115204 0.036828818 -0.004000000 </Translation>
               </Transform>
            </Instance>
            <Instance entityUid="JFD*:*0d0e885352d6034cc2e4bb74" name="socket head cap screw_am &lt;28&gt;" uid="MmYaoXX0F0rvFUfqz">
               <Transform>
                  <Rotation>-0.999945227 -0.010466261 0.000000000 0.010466261 -0.999945227 0.000000000 0.000000000 0.000000000 1.000000000 </Rotation>
                  <Translation>0.021059430 0.077226884 -0.077810667 </Translation>
               </Transform>
            </Instance>
            <Instance entityUid="JFD*:*3efdd9e36e1297932893420d" name="socket head cap screw_am &lt;7&gt;" uid="MLOtIh3/yb3/y7n66">
               <Transform>
                  <Rotation>0.000000000 0.000000000 -1.000000000 0.000000000 1.000000000 0.000000000 1.000000000 -0.000000000 0.000000000 </Rotation>
                  <Translation>0.007999562 -0.000083730 -0.024000000 </Translation>
               </Transform>
            </Instance>
            <Instance entityUid="JFD*:*06edb7cb4b0598396ea4b1da" name="hex nut style 1_am &lt;4&gt;" uid="MEpoL75/8hNdmjbwe">
               <Transform>
                  <Rotation>0.947117655 0.320715769 -0.010466261 -0.009913323 -0.003356879 -0.999945227 -0.320733337 0.947169534 0.000000000 </Rotation>
                  <Translation>-0.007500393 0.026579957 0.007778175 </Translation>
               </Transform>
            </Instance>
            <Instance entityUid="JFD*:*06edb7cb4b0598396ea4b1da" name="hex nut style 1_am &lt;1&gt;" uid="MGdC2BQvsgQg110GW">
               <Transform>
                  <Rotation>0.753509218 0.657354027 0.010466261 -0.007886856 -0.006880416 0.999945227 0.657390034 -0.753550492 0.000000000 </Rotation>
                  <Translation>0.008076037 0.028417031 0.007778175 </Translation>
               </Transform>
            </Instance>
            <Instance entityUid="JFD*:*b80b430a0d60328b513625e8" name="socket head cap screw_am &lt;57&gt;" uid="MzDCYaB11Z+vNU3vf">
               <Transform>
                  <Rotation>-0.999945227 -0.010466261 0.000000000 0.010466261 -0.999945227 -0.000000000 0.000000000 -0.000000000 1.000000000 </Rotation>
                  <Translation>0.029979997 0.045704431 0.013498644 </Translation>
               </Transform>
            </Instance>
            <Instance entityUid="JFD*:*04f7b08831c1a8ff461556f9" name="socket head cap screw_am &lt;32&gt;" uid="MzkKPM4hsxauSLIhH">
               <Transform>
                  <Rotation>-0.999945227 -0.010466261 0.000000000 0.010466261 -0.999945227 0.000000000 0.000000000 0.000000000 1.000000000 </Rotation>
                  <Translation>0.029127341 0.059786914 -0.079682366 </Translation>
               </Transform>
            </Instance>
            <Instance entityUid="JFD*:*b80b430a0d60328b513625e8" name="socket head cap screw_am &lt;51&gt;" uid="M8ge8yGAp68Gs8jK1">
               <Transform>
                  <Rotation>0.999945227 0.010466261 0.000000000 -0.010466261 0.999945227 -0.000000000 -0.000000000 0.000000000 1.000000000 </Rotation>
                  <Translation>-0.028996006 0.048305892 0.019291238 </Translation>
               </Transform>
            </Instance>
            <Instance entityUid="JFD*:*c361287a138b329608459907" name="Leg - Spacer - 3mm &lt;2&gt;" uid="MLJXr2Xdv9/r/UmPh">
               <Transform>
                  <Rotation>0.007848063 0.999945227 -0.006924632 0.749802910 -0.010466261 -0.661578456 -0.661614694 -0.000000000 -0.749843981 </Rotation>
                  <Translation>-0.022864587 0.060830233 -0.087666782 </Translation>
               </Transform>
            </Instance>
            <Instance entityUid="JFD*:*c361287a138b329608459907" name="Leg - Spacer - 3mm &lt;1&gt;" uid="MTw/H91Fv4UYHnQ8y">
               <Transform>
                  <Rotation>0.010445873 0.999945227 0.000652964 0.997997335 -0.010466261 0.062384110 0.062387527 -0.000000000 -0.998052001 </Rotation>
                  <Translation>0.021133003 0.060369717 -0.087666782 </Translation>
               </Transform>
            </Instance>
            <Instance entityUid="JFD*:*06edb7cb4b0598396ea4b1da" name="hex nut style 1_am &lt;12&gt;" uid="MsWAZuppZjLJnJWXQ">
               <Transform>
                  <Rotation>-0.001725435 -0.010323056 -0.999945227 -0.164847884 -0.986263470 0.010466261 -0.986317494 0.164856914 0.000000000 </Rotation>
                  <Translation>0.011280632 0.074526516 -0.094578064 </Translation>
               </Transform>
            </Instance>
            <Instance entityUid="JFD*:*04f7b08831c1a8ff461556f9" name="socket head cap screw_am &lt;31&gt;" uid="Mp8ykAzsRLwDKxO2g">
               <Transform>
                  <Rotation>-0.999945227 -0.010466261 0.000000000 0.010466261 -0.999945227 0.000000000 0.000000000 0.000000000 1.000000000 </Rotation>
                  <Translation>0.029069780 0.054287564 -0.082373864 </Translation>
               </Transform>
            </Instance>
            <Instance entityUid="JFD*:*3efdd9e36e1297932893420d" name="socket head cap screw_am &lt;2&gt;" uid="MrqmcRm6tEyxVdNk0">
               <Transform>
                  <Rotation>-0.000000000 0.000000000 1.000000000 -0.000000000 1.000000000 0.000000000 -1.000000000 -0.000000000 -0.000000000 </Rotation>
                  <Translation>-0.005597338 0.005715751 0.024000000 </Translation>
               </Transform>
            </Instance>
            <Instance entityUid="JFD*:*2dbb2371598a32d17bb48f17" name="Leg - Spacer &lt;2&gt;" uid="MDUaEh/y++cUSGMMH">
               <Transform>
                  <Rotation>-0.000655889 -0.999945227 -0.010445689 -0.062663524 0.010466261 -0.997979830 0.998034495 0.000000000 -0.062666957 </Rotation>
                  <Translation>-0.025933370 0.054274398 0.014000000 </Translation>
               </Transform>
            </Instance>
            <Instance entityUid="JFD*:*b127e0957e458e0f24ad3044" name="socket head cap screw_am &lt;12&gt;" uid="MO7hsDVtoFLIJtgop">
               <Transform>
                  <Rotation>0.999945227 0.010466261 0.000000000 -0.010466261 0.999945227 -0.000000000 -0.000000000 0.000000000 1.000000000 </Rotation>
                  <Translation>-0.028262407 0.070621293 -0.036960724 </Translation>
               </Transform>
            </Instance>
            <Instance entityUid="JFD*:*9290bc5f8b8edda3e2d21447" name="Leg - Femur-large &lt;1&gt;" uid="M90lWzy5IgS2wK8jQ">
               <Transform>
                  <Rotation>0.000652964 -0.010445873 -0.999945227 0.062384110 -0.997997335 0.010466261 -0.998052001 -0.062387527 0.000000000 </Rotation>
                  <Translation>0.026804070 0.028912156 -0.014120652 </Translation>
               </Transform>
            </Instance>
            <Instance entityUid="JFD*:*06edb7cb4b0598396ea4b1da" name="hex nut style 1_am &lt;8&gt;" uid="MuWuxpXqCnNmu/zxU">
               <Transform>
                  <Rotation>-0.000000000 -0.010466261 -0.999945227 -0.000000000 -0.999945227 0.010466261 -1.000000000 0.000000000 0.000000000 </Rotation>
                  <Translation>0.012883427 0.036567162 -0.004000000 </Translation>
               </Transform>
            </Instance>
            <Instance entityUid="JFD*:*9148d8feda75763d8f2d121c" name="standard part - small bracket - rx64 &lt;1&gt;" uid="M5X7sYnONMNMYiTAG">
               <Transform>
                  <Rotation>-0.000000000 0.010466261 0.999945227 0.000000000 0.999945227 -0.010466261 -1.000000000 -0.000000000 -0.000000000 </Rotation>
                  <Translation>0.000313988 0.029998357 0.000000000 </Translation>
               </Transform>
            </Instance>
            <Instance entityUid="JFD*:*3efdd9e36e1297932893420d" name="socket head cap screw_am &lt;4&gt;" uid="Myl6oRUGQd6AN1eMe">
               <Transform>
                  <Rotation>-0.000000000 0.000000000 1.000000000 -0.000000000 1.000000000 0.000000000 -1.000000000 -0.000000000 -0.000000000 </Rotation>
                  <Translation>0.000083730 0.007999562 0.024000000 </Translation>
               </Transform>
            </Instance>
            <Instance entityUid="JFD*:*06edb7cb4b0598396ea4b1da" name="hex nut style 1_am &lt;15&gt;" uid="MhndejlSS80Ri0nvs">
               <Transform>
                  <Rotation>-0.001725435 0.010323056 0.999945227 -0.164847884 0.986263470 -0.010466261 -0.986317494 -0.164856914 -0.000000000 </Rotation>
                  <Translation>-0.009718218 0.074746308 -0.094578064 </Translation>
               </Transform>
            </Instance>
            <Instance entityUid="JFD*:*0d0e885352d6034cc2e4bb74" name="socket head cap screw_am &lt;26&gt;" uid="Mp11ZYQ66oqdDC6HW">
               <Transform>
                  <Rotation>0.999945227 0.010466261 0.000000000 -0.010466261 0.999945227 -0.000000000 -0.000000000 0.000000000 1.000000000 </Rotation>
                  <Translation>-0.019467684 0.074848354 -0.094578064 </Translation>
               </Transform>
            </Instance>
            <Instance entityUid="JFD*:*b80b430a0d60328b513625e8" name="socket head cap screw_am &lt;47&gt;" uid="MG0fuKzBvVhfDS53A">
               <Transform>
                  <Rotation>0.999945227 0.010466261 0.000000000 -0.010466261 0.999945227 -0.000000000 -0.000000000 0.000000000 1.000000000 </Rotation>
                  <Translation>-0.028870406 0.060305702 0.008708762 </Translation>
               </Transform>
            </Instance>
            <Instance entityUid="JFD*:*b80b430a0d60328b513625e8" name="socket head cap screw_am &lt;50&gt;" uid="MoxVeA0eF7R/y6dEB">
               <Transform>
                  <Rotation>0.999945227 0.010466261 0.000000000 -0.010466261 0.999945227 -0.000000000 -0.000000000 0.000000000 1.000000000 </Rotation>
                  <Translation>-0.028938453 0.053804489 0.021984276 </Translation>
               </Transform>
            </Instance>
            <Instance entityUid="JFD*:*0d0e885352d6034cc2e4bb74" name="socket head cap screw_am &lt;22&gt;" uid="MaltzKt5F2COzSjG0">
               <Transform>
                  <Rotation>0.999945227 0.010466261 0.000000000 -0.010466261 0.999945227 0.000000000 -0.000000000 -0.000000000 1.000000000 </Rotation>
                  <Translation>-0.021114711 0.036923014 0.018000000 </Translation>
               </Transform>
            </Instance>
            <Instance entityUid="JFD*:*06edb7cb4b0598396ea4b1da" name="hex nut style 1_am &lt;11&gt;" uid="MgVMOmvCkHABX3RrF">
               <Transform>
                  <Rotation>-0.001725435 -0.010323056 -0.999945227 -0.164847884 -0.986263470 0.010466261 -0.986317494 0.164856914 0.000000000 </Rotation>
                  <Translation>0.011309964 0.077328930 -0.077810667 </Translation>
               </Transform>
            </Instance>
            <Instance entityUid="JFD*:*b127e0957e458e0f24ad3044" name="socket head cap screw_am &lt;14&gt;" uid="MIlMdtF3Dnkzpy8gA">
               <Transform>
                  <Rotation>-0.999945227 -0.010466261 0.000000000 0.010466261 -0.999945227 -0.000000000 0.000000000 -0.000000000 1.000000000 </Rotation>
                  <Translation>0.029734416 0.070014250 -0.036960724 </Translation>
               </Transform>
            </Instance>
            <Instance entityUid="JFD*:*04f7b08831c1a8ff461556f9" name="socket head cap screw_am &lt;41&gt;" uid="MBu/6UGPvPBhqiwCH">
               <Transform>
                  <Rotation>0.999945227 0.010466261 0.000000000 -0.010466261 0.999945227 -0.000000000 -0.000000000 0.000000000 1.000000000 </Rotation>
                  <Translation>-0.027869537 0.060383491 -0.079682366 </Translation>
               </Transform>
            </Instance>
            <Instance entityUid="JFD*:*04f7b08831c1a8ff461556f9" name="socket head cap screw_am &lt;30&gt;" uid="MhPVxvRX0+7xNHS+r">
               <Transform>
                  <Rotation>-0.999945227 -0.010466261 0.000000000 0.010466261 -0.999945227 0.000000000 0.000000000 0.000000000 1.000000000 </Rotation>
                  <Translation>0.029048998 0.052302008 -0.088165882 </Translation>
               </Transform>
            </Instance>
            <Instance entityUid="JFD*:*3efdd9e36e1297932893420d" name="socket head cap screw_am &lt;8&gt;" uid="Mc3PoWw8aEIMFM+Gw">
               <Transform>
                  <Rotation>0.000000000 0.000000000 -1.000000000 0.000000000 1.000000000 0.000000000 1.000000000 -0.000000000 0.000000000 </Rotation>
                  <Translation>0.005715751 0.005597338 -0.024000000 </Translation>
               </Transform>
            </Instance>
            <Instance entityUid="JFD*:*04f7b08831c1a8ff461556f9" name="socket head cap screw_am &lt;42&gt;" uid="MKk3bV7wPEV5PREaF">
               <Transform>
                  <Rotation>0.999945227 0.010466261 0.000000000 -0.010466261 0.999945227 -0.000000000 -0.000000000 0.000000000 1.000000000 </Rotation>
                  <Translation>-0.027808916 0.066175192 -0.081668030 </Translation>
               </Transform>
            </Instance>
            <Instance entityUid="JFD*:*b80b430a0d60328b513625e8" name="socket head cap screw_am &lt;52&gt;" uid="MR2uS9hlS8RSVuRtt">
               <Transform>
                  <Rotation>0.999945227 0.010466261 0.000000000 -0.010466261 0.999945227 -0.000000000 -0.000000000 0.000000000 1.000000000 </Rotation>
                  <Translation>-0.028988586 0.049014849 0.007999766 </Translation>
               </Transform>
            </Instance>
            <Instance entityUid="JFD*:*3f2b832b1757c2ca30a4b07d" name="Leg-foot &lt;1&gt;" uid="M8NqNHhRcCmumj17H">
               <Transform>
                  <Rotation>0.991756737 0.001725435 -0.128123367 -0.126652785 0.164847884 -0.978153489 0.019433125 0.986317494 0.163707531 </Rotation>
                  <Translation>0.000981606 0.094479493 0.021843438 </Translation>
               </Transform>
            </Instance>
            <Instance entityUid="JFD*:*06edb7cb4b0598396ea4b1da" name="hex nut style 1_am &lt;13&gt;" uid="MM3ddTcEVr++YW5K0">
               <Transform>
                  <Rotation>-0.001725435 0.010323056 0.999945227 -0.164847884 0.986263470 -0.010466261 -0.986317494 -0.164856914 -0.000000000 </Rotation>
                  <Translation>-0.009659553 0.080351136 -0.061043269 </Translation>
               </Transform>
            </Instance>
            <Instance entityUid="JFD*:*b127e0957e458e0f24ad3044" name="socket head cap screw_am &lt;15&gt;" uid="Mx866ukWzFFNExr/D">
               <Transform>
                  <Rotation>-0.999945227 -0.010466261 0.000000000 0.010466261 -0.999945227 -0.000000000 0.000000000 -0.000000000 1.000000000 </Rotation>
                  <Translation>0.029652999 0.062235681 -0.037446984 </Translation>
               </Transform>
            </Instance>
            <Instance entityUid="JFD*:*3efdd9e36e1297932893420d" name="socket head cap screw_am &lt;6&gt;" uid="Mu7bW2LtnPUNi8fZk">
               <Transform>
                  <Rotation>-0.000000000 0.000000000 1.000000000 -0.000000000 1.000000000 0.000000000 -1.000000000 -0.000000000 -0.000000000 </Rotation>
                  <Translation>0.007999562 -0.000083730 0.024000000 </Translation>
               </Transform>
            </Instance>
            <Instance entityUid="JFD*:*0a57b58f07f7ea75c33021d1" name="rx64N &lt;1&gt;" uid="MaId3uxbz+GqzGr8z">
               <Transform>
                  <Rotation>0.010466261 -0.000000000 0.999945227 0.999945227 -0.000000000 -0.010466261 0.000000000 1.000000000 -0.000000000 </Rotation>
                  <Translation>0.000565178 0.053997042 0.014000000 </Translation>
               </Transform>
            </Instance>
            <Instance entityUid="JFD*:*06edb7cb4b0598396ea4b1da" name="hex nut style 1_am &lt;2&gt;" uid="MPkkPoNv+pQvPc9qN">
               <Transform>
                  <Rotation>0.753509218 0.657354027 0.010466261 -0.007886856 -0.006880416 0.999945227 0.657390034 -0.753550492 -0.000000000 </Rotation>
                  <Translation>0.008076037 0.028417031 -0.007778175 </Translation>
               </Transform>
            </Instance>
            <Instance entityUid="JFD*:*3efdd9e36e1297932893420d" name="socket head cap screw_am &lt;9&gt;" uid="MZbKHWsxZlzMNvRQH">
               <Transform>
                  <Rotation>0.000000000 0.000000000 -1.000000000 0.000000000 1.000000000 0.000000000 1.000000000 -0.000000000 0.000000000 </Rotation>
                  <Translation>-0.005597338 0.005715751 -0.024000000 </Translation>
               </Transform>
            </Instance>
            <Instance entityUid="JFD*:*0d0e885352d6034cc2e4bb74" name="socket head cap screw_am &lt;25&gt;" uid="MSVRAOyQjU5Eu8B5D">
               <Transform>
                  <Rotation>0.999945227 0.010466261 0.000000000 -0.010466261 0.999945227 -0.000000000 -0.000000000 0.000000000 1.000000000 </Rotation>
                  <Translation>-0.019438351 0.077650768 -0.077810667 </Translation>
               </Transform>
            </Instance>
            <Instance entityUid="JFD*:*04f7b08831c1a8ff461556f9" name="socket head cap screw_am &lt;37&gt;" uid="MKc8cmUrJvX2DRZaJ">
               <Transform>
                  <Rotation>-0.999945227 -0.010466261 0.000000000 0.010466261 -0.999945227 0.000000000 0.000000000 0.000000000 1.000000000 </Rotation>
                  <Translation>0.029077167 0.054993359 -0.093665533 </Translation>
               </Transform>
            </Instance>
            <Instance entityUid="JFD*:*b127e0957e458e0f24ad3044" name="socket head cap screw_am &lt;18&gt;" uid="M/lXcOkatClXWZ/8E">
               <Transform>
                  <Rotation>-0.010466261 0.999945227 0.000000000 -0.999945227 -0.010466261 -0.000000000 0.000000000 -0.000000000 1.000000000 </Rotation>
                  <Translation>-0.007416663 0.034579519 0.007778175 </Translation>
               </Transform>
            </Instance>
            <Instance entityUid="JFD*:*3efdd9e36e1297932893420d" name="socket head cap screw_am &lt;5&gt;" uid="M0mLbroxpkqoRoaBD">
               <Transform>
                  <Rotation>-0.000000000 0.000000000 1.000000000 -0.000000000 1.000000000 0.000000000 -1.000000000 -0.000000000 -0.000000000 </Rotation>
                  <Translation>0.005715751 0.005597338 0.024000000 </Translation>
               </Transform>
            </Instance>
            <Instance entityUid="JFD*:*0d0e885352d6034cc2e4bb74" name="socket head cap screw_am &lt;23&gt;" uid="MErYtSWDLgFEVbAFi">
               <Transform>
                  <Rotation>0.999945227 0.010466261 0.000000000 -0.010466261 0.999945227 0.000000000 -0.000000000 -0.000000000 1.000000000 </Rotation>
                  <Translation>-0.021114711 0.036923014 -0.004000000 </Translation>
               </Transform>
            </Instance>
            <Instance entityUid="JFD*:*04f7b08831c1a8ff461556f9" name="socket head cap screw_am &lt;43&gt;" uid="MBzVnFx0AV5QLv5YY">
               <Transform>
                  <Rotation>0.999945227 0.010466261 0.000000000 -0.010466261 0.999945227 -0.000000000 -0.000000000 0.000000000 1.000000000 </Rotation>
                  <Translation>-0.027780746 0.068866543 -0.087167681 </Translation>
               </Transform>
            </Instance>
            <Instance entityUid="JFD*:*06edb7cb4b0598396ea4b1da" name="hex nut style 1_am &lt;7&gt;" uid="Mkj6U+daB9KY1XzRB">
               <Transform>
                  <Rotation>-0.000000000 0.010466261 0.999945227 -0.000000000 0.999945227 -0.010466261 -1.000000000 -0.000000000 -0.000000000 </Rotation>
                  <Translation>-0.012115204 0.036828818 0.018000000 </Translation>
               </Transform>
            </Instance>
            <Instance entityUid="JFD*:*04f7b08831c1a8ff461556f9" name="socket head cap screw_am &lt;35&gt;" uid="Mt4JIv0wdHrjT0/il">
               <Transform>
                  <Rotation>-0.999945227 -0.010466261 0.000000000 0.010466261 -0.999945227 0.000000000 0.000000000 0.000000000 1.000000000 </Rotation>
                  <Translation>0.029195349 0.066284410 -0.092959699 </Translation>
               </Transform>
            </Instance>
            <Instance entityUid="JFD*:*06edb7cb4b0598396ea4b1da" name="hex nut style 1_am &lt;6&gt;" uid="M/OPIK6Neiwr9SBo3">
               <Transform>
                  <Rotation>-0.000000000 -0.010466261 -0.999945227 0.000000000 -0.999945227 0.010466261 -1.000000000 0.000000000 0.000000000 </Rotation>
                  <Translation>0.012883427 0.036567162 0.018000000 </Translation>
               </Transform>
            </Instance>
            <Instance entityUid="JFD*:*04f7b08831c1a8ff461556f9" name="socket head cap screw_am &lt;38&gt;" uid="MGySz611RnTn9alob">
               <Transform>
                  <Rotation>0.999945227 0.010466261 0.000000000 -0.010466261 0.999945227 -0.000000000 -0.000000000 0.000000000 1.000000000 </Rotation>
                  <Translation>-0.027919710 0.055589936 -0.093665533 </Translation>
               </Transform>
            </Instance>
            <Instance entityUid="JFD*:*0d0e885352d6034cc2e4bb74" name="socket head cap screw_am &lt;21&gt;" uid="MTUX3wvrc5C8bqbvy">
               <Transform>
                  <Rotation>-0.999945227 -0.010466261 0.000000000 0.010466261 -0.999945227 0.000000000 0.000000000 0.000000000 1.000000000 </Rotation>
                  <Translation>0.021882934 0.036472965 -0.004000000 </Translation>
               </Transform>
            </Instance>
            <Instance entityUid="JFD*:*b127e0957e458e0f24ad3044" name="socket head cap screw_am &lt;19&gt;" uid="MI0zUf6phYvaOl0es">
               <Transform>
                  <Rotation>-0.010466261 0.999945227 0.000000000 -0.999945227 -0.010466261 -0.000000000 0.000000000 -0.000000000 1.000000000 </Rotation>
                  <Translation>-0.007416663 0.034579519 -0.007778175 </Translation>
               </Transform>
            </Instance>
            <Instance entityUid="JFD*:*b80b430a0d60328b513625e8" name="socket head cap screw_am &lt;46&gt;" uid="MeHWhRiJkOXpb9x+7">
               <Transform>
                  <Rotation>0.999945227 0.010466261 0.000000000 -0.010466261 0.999945227 -0.000000000 -0.000000000 0.000000000 1.000000000 </Rotation>
                  <Translation>-0.029016772 0.046321958 0.013498664 </Translation>
               </Transform>
            </Instance>
            <Instance entityUid="JFD*:*19c9d4913111cc7be03f86e5" name="socket head cap screw_am &lt;1&gt;" uid="M66obWHNUof6r47jq">
               <Transform>
                  <Rotation>0.999945227 0.010466261 0.000000000 -0.010466261 0.999945227 0.000000000 -0.000000000 -0.000000000 1.000000000 </Rotation>
                  <Translation>-0.010268969 0.094483419 0.016793102 </Translation>
               </Transform>
            </Instance>
            <Instance entityUid="JFD*:*06edb7cb4b0598396ea4b1da" name="hex nut style 1_am &lt;14&gt;" uid="M7oNtalIblzI0e8EX">
               <Transform>
                  <Rotation>-0.001725435 0.010323056 0.999945227 -0.164847884 0.986263470 -0.010466261 -0.986317494 -0.164856914 -0.000000000 </Rotation>
                  <Translation>-0.009688886 0.077548722 -0.077810667 </Translation>
               </Transform>
            </Instance>
            <Instance entityUid="JFD*:*b127e0957e458e0f24ad3044" name="socket head cap screw_am &lt;16&gt;" uid="MCJp0jDE7ILI83n8r">
               <Transform>
                  <Rotation>-0.010466261 0.999945227 0.000000000 -0.999945227 -0.010466261 -0.000000000 0.000000000 -0.000000000 1.000000000 </Rotation>
                  <Translation>0.008138835 0.034416702 -0.007778175 </Translation>
               </Transform>
            </Instance>
            <Instance entityUid="JFD*:*06edb7cb4b0598396ea4b1da" name="hex nut style 1_am &lt;10&gt;" uid="MI1+dlvHk/xEQSNMH">
               <Transform>
                  <Rotation>-0.001725435 -0.010323056 -0.999945227 -0.164847884 -0.986263470 0.010466261 -0.986317494 0.164856914 0.000000000 </Rotation>
                  <Translation>0.011339297 0.080131344 -0.061043269 </Translation>
               </Transform>
            </Instance>
            <Instance entityUid="JFD*:*17b686565623fd132ba09b26" name="RX-28Dual &lt;1&gt;" uid="M+w+5FZjPu2BklBrD">
               <Transform>
                  <Rotation>0.010323056 -0.001725435 -0.999945227 0.986263470 -0.164847884 0.010466261 -0.164856914 -0.986317494 0.000000000 </Rotation>
                  <Translation>0.000634126 0.060584276 -0.087666782 </Translation>
               </Transform>
            </Instance>
            <Instance entityUid="JFD*:*b80b430a0d60328b513625e8" name="socket head cap screw_am &lt;54&gt;" uid="MdF1HQ2Xcq6RG1tA8">
               <Transform>
                  <Rotation>-0.999945227 -0.010466261 0.000000000 0.010466261 -0.999945227 -0.000000000 0.000000000 -0.000000000 1.000000000 </Rotation>
                  <Translation>0.030058315 0.053186961 0.021984255 </Translation>
               </Transform>
            </Instance>
            <Instance entityUid="JFD*:*6c4b41bd35724145c05df768" name="Leg - Femur Support Bracket (large) &lt;1&gt;" uid="M8T4BT3XPRQ0JsFdw">
               <Transform>
                  <Rotation>-0.999945227 0.010445873 0.000652964 0.010466261 0.997997335 0.062384110 0.000000000 0.062387527 -0.998052001 </Rotation>
                  <Translation>-0.010532554 0.065576252 -0.032254710 </Translation>
               </Transform>
            </Instance>
            <Instance entityUid="JFD*:*b80b430a0d60328b513625e8" name="socket head cap screw_am &lt;49&gt;" uid="M3z5eyZLM/SeL2TxJ">
               <Transform>
                  <Rotation>0.999945227 0.010466261 0.000000000 -0.010466261 0.999945227 -0.000000000 -0.000000000 0.000000000 1.000000000 </Rotation>
                  <Translation>-0.028877827 0.059596745 0.020000234 </Translation>
               </Transform>
            </Instance>
            <Instance entityUid="09bea46a55b8de6730210a82" name="RX64 bearing horn-outer &lt;1&gt;" uid="M/Nz8qRNrMltuz8QZ">
               <Transform>
                  <Rotation>0.486934209 0.871211100 0.062340166 0.126989364 0.000000000 -0.991904079 -0.864157843 0.490908566 -0.110634543 </Rotation>
                  <Translation>0.005579456 0.076277737 0.372887305 </Translation>
               </Transform>
               <Instance entityUid="JFD*:*6151f7959e3d69dd8c86acac" name="RX64 bearing horn-outer (1) &lt;1&gt;" uid="MzZ5PNOi6fL8kQdaz">
                  <Transform>
                     <Rotation>-0.021270634 0.485578434 -0.873934291 -0.071384668 0.871163381 0.485776279 0.997222036 0.072718279 0.016132657 </Rotation>
                     <Translation>0.293453152 -0.201021686 0.059784174 </Translation>
                  </Transform>
               </Instance>
               <Instance entityUid="JFD*:*4175271bd446381a9f9ec63f" name="RX64 bearing horn-outer (2) &lt;1&gt;" uid="MoR7qzX/yZwtY1eCX">
                  <Transform>
                     <Rotation>-0.021270634 0.485578434 -0.873934291 -0.071384668 0.871163381 0.485776279 0.997222036 0.072718279 0.016132657 </Rotation>
                     <Translation>0.293453152 -0.201021686 0.059784174 </Translation>
                  </Transform>
               </Instance>
            </Instance>
            <Instance entityUid="JFD*:*04f7b08831c1a8ff461556f9" name="socket head cap screw_am &lt;39&gt;" uid="Mj9zBIBWGSjaMyruQ">
               <Transform>
                  <Rotation>0.999945227 0.010466261 0.000000000 -0.010466261 0.999945227 -0.000000000 -0.000000000 0.000000000 1.000000000 </Rotation>
                  <Translation>-0.027947880 0.052898585 -0.088165882 </Translation>
               </Transform>
            </Instance>
            <Instance entityUid="JFD*:*04f7b08831c1a8ff461556f9" name="socket head cap screw_am &lt;36&gt;" uid="Mdg5jmJZwpBMRAnEX">
               <Transform>
                  <Rotation>-0.999945227 -0.010466261 0.000000000 0.010466261 -0.999945227 0.000000000 0.000000000 0.000000000 1.000000000 </Rotation>
                  <Translation>0.029137788 0.060785060 -0.095651198 </Translation>
               </Transform>
            </Instance>
            <Instance entityUid="JFD*:*0d0e885352d6034cc2e4bb74" name="socket head cap screw_am &lt;24&gt;" uid="Mp0ZHSyfT4tcrxLBK">
               <Transform>
                  <Rotation>0.999945227 0.010466261 0.000000000 -0.010466261 0.999945227 -0.000000000 -0.000000000 0.000000000 1.000000000 </Rotation>
                  <Translation>-0.019409019 0.080453182 -0.061043269 </Translation>
               </Transform>
            </Instance>
            <Instance entityUid="JFD*:*3efdd9e36e1297932893420d" name="socket head cap screw_am &lt;3&gt;" uid="MekiIcOldXvPYtpp5">
               <Transform>
                  <Rotation>-0.000000000 0.000000000 1.000000000 -0.000000000 1.000000000 0.000000000 -1.000000000 -0.000000000 -0.000000000 </Rotation>
                  <Translation>-0.007999562 0.000083730 0.024000000 </Translation>
               </Transform>
            </Instance>
            <Instance entityUid="JFD*:*b80b430a0d60328b513625e8" name="socket head cap screw_am &lt;53&gt;" uid="Mq+C5VArBH2n4qOUw">
               <Transform>
                  <Rotation>0.999945227 0.010466261 0.000000000 -0.010466261 0.999945227 -0.000000000 -0.000000000 0.000000000 1.000000000 </Rotation>
                  <Translation>-0.028927959 0.054807105 0.006015724 </Translation>
               </Transform>
            </Instance>
            <Instance entityUid="JFD*:*2dbb2371598a32d17bb48f17" name="Leg - Spacer &lt;1&gt;" uid="MoEMP7xgdq1iFnMv5">
               <Transform>
                  <Rotation>0.006922434 0.999945227 0.007850001 0.661368502 -0.010466261 0.749988108 0.750029189 -0.000000000 -0.661404729 </Rotation>
                  <Translation>0.027063726 0.053719668 0.013999979 </Translation>
               </Transform>
            </Instance>
            <Instance entityUid="JFD*:*04f7b08831c1a8ff461556f9" name="socket head cap screw_am &lt;45&gt;" uid="Mybnk7jJ89XGd7+/G">
               <Transform>
                  <Rotation>0.999945227 0.010466261 0.000000000 -0.010466261 0.999945227 -0.000000000 -0.000000000 0.000000000 1.000000000 </Rotation>
                  <Translation>-0.027859090 0.061381637 -0.095651198 </Translation>
               </Transform>
            </Instance>
            <Instance entityUid="JFD*:*b80b430a0d60328b513625e8" name="socket head cap screw_am &lt;56&gt;" uid="M5rhvKhb5cFoDMzJ/">
               <Transform>
                  <Rotation>-0.999945227 -0.010466261 0.000000000 0.010466261 -0.999945227 -0.000000000 0.000000000 -0.000000000 1.000000000 </Rotation>
                  <Translation>0.030068809 0.054189577 0.006015703 </Translation>
               </Transform>
            </Instance>
            <Instance entityUid="JFD*:*0d0e885352d6034cc2e4bb74" name="socket head cap screw_am &lt;20&gt;" uid="MiHbKizW8Wx3EOE7u">
               <Transform>
                  <Rotation>-0.999945227 -0.010466261 0.000000000 0.010466261 -0.999945227 0.000000000 0.000000000 0.000000000 1.000000000 </Rotation>
                  <Translation>0.021882934 0.036472965 0.018000000 </Translation>
               </Transform>
            </Instance>
            <Instance entityUid="JFD*:*0d0e885352d6034cc2e4bb74" name="socket head cap screw_am &lt;27&gt;" uid="MDc0JKpo9pnFunSqm">
               <Transform>
                  <Rotation>-0.999945227 -0.010466261 0.000000000 0.010466261 -0.999945227 0.000000000 0.000000000 0.000000000 1.000000000 </Rotation>
                  <Translation>0.021088763 0.080029298 -0.061043269 </Translation>
               </Transform>
            </Instance>
            <Instance entityUid="JFD*:*b80b430a0d60328b513625e8" name="socket head cap screw_am &lt;48&gt;" uid="MbIs1pbGCsnVEr1vl">
               <Transform>
                  <Rotation>0.999945227 0.010466261 0.000000000 -0.010466261 0.999945227 -0.000000000 -0.000000000 0.000000000 1.000000000 </Rotation>
                  <Translation>-0.028849641 0.062289636 0.014501336 </Translation>
               </Transform>
            </Instance>
            <Instance entityUid="JFD*:*04f7b08831c1a8ff461556f9" name="socket head cap screw_am &lt;33&gt;" uid="MTYkUBcCK87GSfJmn">
               <Transform>
                  <Rotation>-0.999945227 -0.010466261 0.000000000 0.010466261 -0.999945227 0.000000000 0.000000000 0.000000000 1.000000000 </Rotation>
                  <Translation>0.029187962 0.065578615 -0.081668030 </Translation>
               </Transform>
            </Instance>
            <Instance entityUid="JFD*:*04f7b08831c1a8ff461556f9" name="socket head cap screw_am &lt;34&gt;" uid="Mq7d5K1HeJaemveGn">
               <Transform>
                  <Rotation>-0.999945227 -0.010466261 0.000000000 0.010466261 -0.999945227 0.000000000 0.000000000 0.000000000 1.000000000 </Rotation>
                  <Translation>0.029216132 0.068269966 -0.087167681 </Translation>
               </Transform>
            </Instance>
            <Instance entityUid="JFD*:*06edb7cb4b0598396ea4b1da" name="hex nut style 1_am &lt;5&gt;" uid="MzM2rbAvMCzLaW5mN">
               <Transform>
                  <Rotation>0.753509218 0.657354027 0.010466261 -0.007886856 -0.006880416 0.999945227 0.657390034 -0.753550492 -0.000000000 </Rotation>
                  <Translation>-0.007479460 0.028579847 -0.007778175 </Translation>
               </Transform>
            </Instance>
            <Instance entityUid="JFD*:*04f7b08831c1a8ff461556f9" name="socket head cap screw_am &lt;40&gt;" uid="MFSAwBLPxQ8eJKoy+">
               <Transform>
                  <Rotation>0.999945227 0.010466261 0.000000000 -0.010466261 0.999945227 -0.000000000 -0.000000000 0.000000000 1.000000000 </Rotation>
                  <Translation>-0.027927098 0.054884141 -0.082373864 </Translation>
               </Transform>
            </Instance>
            <Instance entityUid="JFD*:*0d0e885352d6034cc2e4bb74" name="socket head cap screw_am &lt;29&gt;" uid="MScUxg62HDqJv4r4Q">
               <Transform>
                  <Rotation>-0.999945227 -0.010466261 0.000000000 0.010466261 -0.999945227 0.000000000 0.000000000 0.000000000 1.000000000 </Rotation>
                  <Translation>0.021030098 0.074424470 -0.094578064 </Translation>
               </Transform>
            </Instance>
            <Instance entityUid="JFD*:*b127e0957e458e0f24ad3044" name="socket head cap screw_am &lt;17&gt;" uid="MQv+exwFwWQb0DuUa">
               <Transform>
                  <Rotation>-0.010466261 0.999945227 0.000000000 -0.999945227 -0.010466261 -0.000000000 0.000000000 -0.000000000 1.000000000 </Rotation>
                  <Translation>0.008138835 0.034416702 0.007778175 </Translation>
